11111111111111111111111111111111
11111111111111111111111111111111
11111111111111111111111111111111
11111111111111111101111111111111
11111111111111100000001111111111
11111111111100003000330011111111
11111111033000000333000000011111
11111000000333300000330033000111
11113300003300300000033300000001
11111133300000003333000003000332
11111113330000030033000000332222
11111113111330000000030332232222
11111113111133300003333222232222
11113313111131133332223222232223
11111133111131113222233222232333
11111113331131113222233222333223
11111111133331113222233233332223
11111111131133113222233322232223
11111111111131333233333222232221
11113331112131113322223222232231
11111113311131113222223222333321
11113111333131113222223223332221
11111111311331113222233332232221
11111111311133313223333222322221
11111131311131133333223222322231
11111111311131111322223222333111
11111111111131111322223222111111
11111111111131111322223311111111
11111111111111111322231111111111
11111111111111111331111111111111
11111111111111111111111111111111
11111111111111111111111111111111
