0000000000000000000000000000000000000000000000000000000000000000
0000000000000000000000000000000000000000000000000000000000000000
0000000000000000000000000000000000000000000000000000000000000000
0000000000000000000000000000000000000000000000000000000000000000
0000000000000000000000000000000000000000000000000000000000000000
0000000000000000000000000000000000000000000000000000000000000000
0000000000000000000000000000000000003300000000000000000000000000
0000000000000000000000000000000033333333000000000000000000000000
0000000000000000000000000000033333333333333000000000000000000000
0000000000000000000000000033311333333333333110000000000000000000
0000000000000000000000033333333111333333111333330000000000000000
0000000000000000000333333333333331111113333333333300000000000000
0000000000000000331113333333333331111113333333333333300000000000
0000000000000333333311133333331113333311133333333331113000000000
0000000000333333333333111111113333333333111333331113333330000000
0000000313333333333333311111333333333333331111113333333333330000
0000000311133333333311133331113333333333311111113333333333333300
0000000000111133311133333333311133333311113333311133333333331110
0000000000001111113333333333333311111113333333333311333331111120
0000000000000011113333333333333311111333333333333333111111122220
0000000000000011111133333333311133331113333333333331111122222220
0000000000000011000111333311133333333311133333331111111222222220
0000000000000011000001111133333333333333311331111122211222222220
0000000000000011000000011113333333333333311111122222211222222220
0000000000000031000000011111133333333311111112222222211222222220
0000000010000031000000011000111333331111221112222222211222222220
0000000011100031000000011000001111111122222112222222211222222220
0000000011111001000000011000000011122222221112222222211222222100
0000000000011111000000011000000011222222221112222222211222111110
0000000000003111100000011000000011222222221112222222211111111210
0000000000000011111000011000000011222222221112222222111111222210
0000000000000001111110011000000011222222221112222111111122222210
0000000000000001003111111000000011222222221112211111111222222210
0000000000000001003001111000000011222222221111111122211222222210
0000000000000001031000011110000011222222211111122222211222222220
0000000000000001000000011111100011222211111112222222211222222220
0000000001000001000300011001111111211111121112222222211222222200
0000000011130001000300011000011111111112222112222222211222222200
0000000011111301000020011000000111112222222112222222212222211100
0000000000011111000022011000000011222222222112222222212221111100
0000000000000111100002011000000011222222222112222222211111112200
0000000030000001111000011000000011222222222112222222111112222200
0000000030000001111110011000000011222222222112222111111222222200
0000000030000001100111111000000011222222222112211111111222222200
0000000000000001100001111100000011222222221111111122211222222200
0000000000000001100000011110000011222222211111122222211222222200
0000000000000001100000001111100011222211111112222222112222222200
0000000000100001100000001101111011221111111112222222112222222200
0000000000001001100000001100011111111111222112222222112222221000
0000000000000031100000001100000111111222222112222222112222100000
0000000000000001100000001100000001122222222112222222111110000000
0000000000000000003000001100000001122222222112222222110000000000
0000000000000000000100001100000001122222222112222221000000000000
0000000000000000000001001100000001122222222112221100000000000000
0000000000000000000000011100000001122222222112100000000000000000
0000000000000000000000000100000001122222221110000000000000000000
0000000000000000000000000001000001122222213000000000000000000000
0000000000000000000000000000010001122211000000000000000000000000
0000000000000000000000000000000101121100000000000000000000000000
0000000000000000000000000000000001100000000000000000000000000000
0000000000000000000000000000000000000000000000000000000000000000
0000000000000000000000000000000000000000000000000000000000000000
0000000000000000000000000000000000000000000000000000000000000000
0000000000000000000000000000000000000000000000000000000000000000
